530070000
600195000
098000060
800060003
400803001
700020006
060000280
000419005
000080079

030204508
004607002
005003004
021000040
050932000
060000300
500470000
600310750
700000016

250070000
000590130
000023067
000000096
814000000
000705000
402100600
008006310
001030809

008200015
200360000
956000020
000000004
705032000
000657080
061000400
000143500
020000870

100784000
820000930
060002000
000320007
005090082
610000000
000008590
906050000
700000823
